1000	0	0	15	0	0	0	0
1100	0	0	0	0	0	0	0
1200	16	0	0	0	0	0	0
1300	0	0	0	0	0	16	0
1400	0	0	0	0	0	0	15
1500	0	0	0	0	0	0	0
1600	0	0	0	0	0	0	15
1700	0	0	0	0	0	0	16
1800	0	0	0	16	0	0	0
1900	15	0	0	0	0	0	16
2000	0	0	16	0	0	0	0
2100	15	0	0	0	0	16	0
2200	15	0	0	0	0	16	0
2300	16	0	0	0	0	15	0
2400	16	0	0	16	0	0	15
2500	0	0	16	0	0	15	0
2600	16	0	0	16	0	0	15
2700	16	0	0	16	0	0	15
2800	16	0	0	15	0	16	0
2900	16	0	15	0	0	16	16
3000	15	0	0	16	0	0	0
3100	16	0	16	0	0	15	16
3200	16	0	15	0	0	16	15
3300	16	0	16	0	0	16	16
3400	15	0	0	16	0	15	16
3500	16	0	15	16	0	16	15
3600	16	0	15	16	0	16	15
3700	16	0	16	15	0	16	15
3800	16	0	15	0	0	32	15
3900	31	0	16	0	0	31	16
4000	31	0	16	15	0	32	15
4100	32	0	15	16	0	15	32
4200	15	0	32	0	0	31	31
4300	16	0	31	0	16	15	31
4400	32	0	15	16	0	31	31
4500	32	0	15	16	0	31	31
4600	32	0	15	16	0	31	31
4700	32	0	31	16	0	31	31
4800	31	0	32	15	0	31	32
4900	31	0	31	16	0	31	47
5000	31	0	31	16	0	31	47
5100	31	0	32	15	16	31	47
5200	31	0	32	15	0	47	31
5300	47	0	31	16	0	47	31
5400	47	0	31	16	16	31	47
5500	47	0	31	15	0	47	47
5600	47	0	31	16	16	31	62
5700	47	0	31	16	0	63	46
5800	47	0	32	31	0	47	62
5900	47	0	31	32	0	46	63
6000	47	0	47	15	0	63	47
6100	62	0	31	16	16	47	62
6200	47	16	31	31	0	47	62
6300	63	0	47	15	0	63	62
6400	63	0	47	15	16	63	62
6500	63	0	46	16	16	62	63
6600	62	0	47	31	0	63	62
6700	63	15	32	31	0	78	63
6800	78	0	47	31	0	62	78
6900	63	0	62	32	0	62	78
7000	78	0	47	32	0	78	78
7100	78	0	47	31	0	78	78
7200	78	0	47	47	0	78	78
7300	79	0	62	31	0	78	79
7400	78	15	47	31	0	78	78
7500	94	0	47	47	0	78	94
7600	78	15	47	47	0	94	78
7700	94	0	62	32	0	93	94
7800	94	0	78	31	0	94	94
7900	93	0	63	47	0	94	94
8000	94	0	78	31	16	93	94
8100	110	0	62	47	0	94	109
8200	110	0	63	62	0	109	109
8300	110	0	63	47	0	109	109
8400	110	0	78	47	0	109	109
8500	110	0	78	47	0	109	109
8600	110	0	78	47	0	109	109
8700	110	15	79	46	0	109	109
8800	110	0	79	46	0	109	109
8900	110	0	78	47	0	109	109
9000	110	0	78	63	0	109	109
9100	110	0	93	47	0	109	109
9200	110	0	94	47	0	109	109
9300	110	0	94	62	0	109	109
9400	110	0	94	62	0	109	109
9500	110	0	94	47	16	109	109
9600	110	0	93	63	0	109	109
9700	110	0	94	62	0	109	109
9800	110	0	110	46	16	109	109
9900	110	0	110	63	0	109	109
11000	110	0	110	78	0	109	109
12000	110	0	110	93	0	109	109
13000	110	0	110	110	0	109	109
14000	110	0	110	110	15	109	109
15000	110	0	110	110	0	109	109
16000	110	0	110	110	0	109	109
17000	110	0	110	110	16	109	109
18000	110	0	110	110	0	109	109
19000	110	0	110	110	16	109	109
20000	110	0	110	110	0	109	109
21000	110	0	110	110	15	109	109
22000	110	0	110	110	0	109	109
23000	110	0	110	110	16	109	109
24000	110	0	110	110	0	109	109
25000	110	0	110	110	16	109	109
26000	110	0	110	110	0	109	109
27000	110	0	110	110	0	109	109
28000	110	0	110	110	16	109	109
29000	110	0	110	110	0	109	109
30000	110	0	110	110	0	109	109
31000	110	0	110	110	16	109	109
32000	110	0	110	110	16	109	109
33000	110	0	110	110	15	109	109
34000	110	0	110	110	0	109	109
35000	110	16	110	110	0	109	109
36000	110	16	110	110	0	109	109
37000	110	0	110	110	15	109	109
38000	110	0	110	110	16	109	109
39000	110	0	110	110	15	109	109
40000	110	0	110	110	16	109	109
41000	110	0	110	110	16	109	109
42000	110	0	110	110	15	109	109
43000	110	0	110	110	16	109	109
44000	110	0	110	110	16	109	109
45000	110	0	110	110	15	109	109
46000	110	0	110	110	16	109	109
47000	110	0	110	110	15	109	109
48000	110	16	110	110	0	109	109
49000	110	16	110	110	15	109	109
50000	110	0	110	110	16	109	109
51000	110	0	110	110	16	109	109
52000	110	0	110	110	15	109	109
53000	110	16	110	110	15	109	109
54000	110	0	110	110	16	109	109
55000	110	0	110	110	16	109	109
56000	110	15	110	110	16	109	109
57000	110	0	110	110	16	109	109
58000	110	0	110	110	15	109	109
59000	110	16	110	110	15	109	109
60000	110	0	110	110	16	109	109
61000	110	16	110	110	15	109	109
62000	110	0	110	110	16	109	109
63000	110	16	110	110	15	109	109
64000	110	0	110	110	16	109	109
65000	110	15	110	110	16	109	109
66000	110	0	110	110	31	109	109
67000	110	16	110	110	16	109	109
68000	110	0	110	110	31	109	109
69000	110	0	110	110	15	109	109
70000	110	16	110	110	16	109	109
71000	110	0	110	110	31	109	109
72000	110	0	110	110	31	109	109
73000	110	0	110	110	16	109	109
74000	110	15	110	110	16	109	109
75000	110	16	110	110	15	109	109
76000	110	0	110	110	16	109	109
77000	110	0	110	110	31	109	109
78000	110	0	110	110	31	109	109
79000	110	0	110	110	16	109	109
80000	110	0	110	110	16	109	109
81000	110	0	110	110	15	109	109
82000	110	0	110	110	15	109	109
83000	110	0	110	110	16	109	109
84000	110	0	110	110	32	109	109
85000	110	0	110	110	31	109	109
86000	110	0	110	110	31	109	109
87000	110	0	110	110	31	109	109
88000	110	16	110	110	16	109	109
89000	110	15	110	110	16	109	109
90000	110	15	110	110	32	109	109
91000	110	0	110	110	31	109	109
92000	110	0	110	110	15	109	109
93000	110	16	110	110	15	109	109
94000	110	0	110	110	31	109	109
95000	110	0	110	110	16	109	109
96000	110	15	110	110	16	109	109
97000	110	0	110	110	32	109	109
98000	110	15	110	110	16	109	109
99000	110	16	110	110	31	109	109
110000	110	15	110	110	32	109	109
120000	110	0	110	110	31	109	109
130000	110	0	110	110	31	109	109
140000	110	16	110	110	31	109	109
150000	110	16	110	110	47	109	109
160000	110	15	110	110	47	109	109
170000	110	16	110	110	47	109	109
180000	110	15	110	110	47	109	109
190000	110	16	110	110	62	109	109
200000	110	16	110	110	62	109	109
210000	110	16	110	110	62	109	109
220000	110	32	110	110	62	109	109
230000	110	16	110	110	63	109	109
240000	110	15	110	110	79	109	109
250000	110	15	110	110	62	109	109
260000	110	32	110	110	78	109	109
270000	110	31	110	110	78	109	109
280000	110	31	110	110	78	109	109
290000	110	32	110	110	78	109	109
300000	110	31	110	110	94	109	109
310000	110	31	110	110	94	109	109
320000	110	31	110	110	94	109	109
330000	110	31	110	110	78	109	109
340000	110	32	110	110	93	109	109
350000	110	32	110	110	94	109	109
360000	110	47	110	110	94	109	109
370000	110	32	110	110	109	109	109
380000	110	47	110	110	109	109	109
390000	110	31	110	110	109	109	109
400000	110	31	110	110	109	109	109
410000	110	31	110	110	109	109	109
420000	110	47	110	110	109	109	109
430000	110	47	110	110	109	109	109
440000	110	47	110	110	109	109	109
450000	110	47	110	110	109	109	109
460000	110	46	110	110	109	109	109
470000	110	47	110	110	109	109	109
480000	110	47	110	110	109	109	109
490000	110	47	110	110	109	109	109
500000	110	47	110	110	109	109	109
510000	110	63	110	110	109	109	109
520000	110	62	110	110	109	109	109
530000	110	63	110	110	109	109	109
540000	110	62	110	110	109	109	109
550000	110	63	110	110	109	109	109
560000	110	62	110	110	109	109	109
570000	110	63	110	110	109	109	109
580000	110	47	110	110	109	109	109
590000	110	62	110	110	109	109	109
600000	110	63	110	110	109	109	109
610000	110	47	110	110	109	109	109
620000	110	62	110	110	109	109	109
630000	110	63	110	110	109	109	109
640000	110	63	110	110	109	109	109
650000	110	63	110	110	109	109	109
660000	110	63	110	110	109	109	109
670000	110	78	110	110	109	109	109
680000	110	62	110	110	109	109	109
690000	110	62	110	110	109	109	109
700000	110	62	110	110	109	109	109
710000	110	78	110	110	109	109	109
720000	110	78	110	110	109	109	109
730000	110	62	110	110	109	109	109
740000	110	78	110	110	109	109	109
750000	110	78	110	110	109	109	109
760000	110	78	110	110	109	109	109
770000	110	78	110	110	109	109	109
780000	110	79	110	110	109	109	109
790000	110	78	110	110	109	109	109
800000	110	78	110	110	109	109	109
810000	110	94	110	110	109	109	109
820000	110	94	110	110	109	109	109
830000	110	78	110	110	109	109	109
840000	110	78	110	110	109	109	109
850000	110	93	110	110	109	109	109
860000	110	78	110	110	109	109	109
870000	110	78	110	110	109	109	109
880000	110	93	110	110	109	109	109
890000	110	94	110	110	109	109	109
900000	110	94	110	110	109	109	109
910000	110	78	110	110	109	109	109
920000	110	94	110	110	109	109	109
930000	110	79	110	110	109	109	109
940000	110	94	110	110	109	109	109
950000	110	93	110	110	109	109	109
960000	110	94	110	110	109	109	109
970000	110	110	110	110	109	109	109
980000	110	110	110	110	109	109	109
990000	110	110	110	110	109	109	109
1100000	110	110	110	110	109	109	109
1200000	110	110	110	110	109	109	109
1300000	110	110	110	110	109	109	109
1400000	110	110	110	110	109	109	109
1500000	110	110	110	110	109	109	109
1600000	110	110	110	110	109	109	109
1700000	110	110	110	110	109	109	109
1800000	110	110	110	110	109	109	109
1900000	110	110	110	110	109	109	109
2000000	110	110	110	110	109	109	109
2100000	110	110	110	110	109	109	109
2200000	110	110	110	110	109	109	109
2300000	110	110	110	110	109	109	109
2400000	110	110	110	110	109	109	109
2500000	110	110	110	110	109	109	109
2600000	110	110	110	110	109	109	109
2700000	110	110	110	110	109	109	109
2800000	110	110	110	110	109	109	109
2900000	110	110	110	110	109	109	109
3000000	110	110	110	110	109	109	109
3100000	110	110	110	110	109	109	109
3200000	110	110	110	110	109	109	109
3300000	110	110	110	110	109	109	109
3400000	110	110	110	110	109	109	109
3500000	110	110	110	110	109	109	109
3600000	110	110	110	110	109	109	109
3700000	110	110	110	110	109	109	109
3800000	110	110	110	110	109	109	109
3900000	110	110	110	110	109	109	109
4000000	110	110	110	110	109	109	109
4100000	110	110	110	110	109	109	109
4200000	110	110	110	110	109	109	109
4300000	110	110	110	110	109	109	109
4400000	110	110	110	110	109	109	109
4500000	110	110	110	110	109	109	109
4600000	110	110	110	110	109	109	109
4700000	110	110	110	110	109	109	109
4800000	110	110	110	110	109	109	109
4900000	110	110	110	110	109	109	109
5000000	110	110	110	110	109	109	109
5100000	110	110	110	110	109	109	109
5200000	110	110	110	110	109	109	109
5300000	110	110	110	110	109	109	109
5400000	110	110	110	110	109	109	109
5500000	110	110	110	110	109	109	109
5600000	110	110	110	110	109	109	109
5700000	110	110	110	110	109	109	109
5800000	110	110	110	110	109	109	109
5900000	110	110	110	110	109	109	109
6000000	110	110	110	110	109	109	109
6100000	110	110	110	110	109	109	109
6200000	110	110	110	110	109	109	109
6300000	110	110	110	110	109	109	109
6400000	110	110	110	110	109	109	109
6500000	110	110	110	110	109	109	109
6600000	110	110	110	110	109	109	109
6700000	110	110	110	110	109	109	109
6800000	110	110	110	110	109	109	109
6900000	110	110	110	110	109	109	109
7000000	110	110	110	110	109	109	109
7100000	110	110	110	110	109	109	109
7200000	110	110	110	110	109	109	109
7300000	110	110	110	110	109	109	109
7400000	110	110	110	110	109	109	109
7500000	110	110	110	110	109	109	109
7600000	110	110	110	110	109	109	109
7700000	110	110	110	110	109	109	109
7800000	110	110	110	110	109	109	109
7900000	110	110	110	110	109	109	109
8000000	110	110	110	110	109	109	109
8100000	110	110	110	110	109	109	109
8200000	110	110	110	110	109	109	109
8300000	110	110	110	110	109	109	109
8400000	110	110	110	110	109	109	109
8500000	110	110	110	110	109	109	109
8600000	110	110	110	110	109	109	109
8700000	110	110	110	110	109	109	109
8800000	110	110	110	110	109	109	109
